


































0 527 357 595 412
0 740 397 810 464
0 484 428 551 491
0 775 660 863 727
0 555 262 627 325
0 533 146 595 207
0 765 258 833 307
0 463 457 527 516
0 506 598 522 629
0 606 559 674 639
1 1023 1023 1023 1023
1 1023 1023 1023 1023
1 1023 1023 1023 1023
1 1023 1023 1023 1023
1 937 1023 1023 1023
1 848 1023 1018 1023
1 758 1023 895 1023
1 666 1023 812 1023
1 569 1023 687 1023
1 480 1023 585 1023
1 1023 1023 1023 1023
1 1023 1023 1023 1023
1 1023 1023 1023 1023
1 1023 1023 1023 1023
1 935 1023 1023 1023
1 850 1023 1009 1023
1 751 1023 915 1023
1 666 1023 805 1023
1 577 1023 682 1023
1 486 1023 588 1023
1 1023 1014 1023 1023
1 1023 1012 1023 1023
1 1023 1014 1023 1023
1 1023 1017 1023 1023
1 937 1015 1023 1023
1 845 1012 1014 1023
1 755 1013 911 1023
1 667 1013 805 1023
1 580 1016 685 1023
1 482 1012 581 1023
1 1023 926 1023 1023
1 1023 923 1023 1023
1 1023 928 1023 1023
1 1023 918 1023 1023
1 938 924 1023 1023
1 840 925 1023 1023
1 752 921 926 1023
1 664 920 790 1023
1 580 926 690 1023
1 487 922 583 1023
1 1023 835 1023 1010
1 1023 830 1023 1022
1 1023 831 1023 1023
1 1023 831 1023 1023
1 940 834 1023 1023
1 844 831 1022 1023
1 757 831 905 1018
1 668 832 798 1021
1 577 838 683 1013
1 489 835 582 1023
1 1023 742 1023 910
1 1023 740 1023 926
1 1023 740 1023 922
1 1022 740 1023 932
1 935 743 1023 924
1 849 744 1023 926
1 758 747 902 906
1 668 748 801 916
1 569 738 690 922
1 486 742 586 922
1 1023 651 1023 815
1 1023 658 1023 804
1 1023 657 1023 796
1 1023 656 1023 796
1 936 657 1023 805
1 844 649 1023 816
1 760 657 902 801
1 667 660 794 794
1 571 650 688 803
1 486 649 588 815
1 1023 564 1023 699
1 1023 562 1023 704
1 1023 568 1023 693
1 1023 557 1023 712
1 937 569 1023 698
1 853 570 1013 693
1 752 562 910 702
1 657 561 800 699
1 575 562 688 694
1 485 565 583 694
1 1023 472 1023 592
1 1023 476 1023 583
1 1023 470 1023 593
1 1023 472 1023 595
1 934 470 1023 591
1 843 472 1021 590
1 760 474 906 588
1 668 477 796 582
1 580 474 682 582
1 486 471 585 590
1 1023 379 1023 479
1 1023 383 1023 476
1 1023 380 1023 484
1 1023 384 1023 481
1 940 385 1023 474
1 846 377 1023 488
1 755 381 910 481
1 667 385 811 482
1 581 385 685 476
1 482 380 581 485
