


































0 476 809 581 912
0 959 352 1023 427
0 403 766 494 867
0 231 805 309 878
0 727 311 828 417
0 854 937 898 988
0 648 770 752 869
0 281 598 390 686
0 321 467 409 571
0 432 403 456 433
1 1023 1023 1023 1023
1 1023 1023 1023 1023
1 1023 1023 1023 1023
1 1023 1023 1023 1023
1 1023 1023 1023 1023
1 1023 1023 1023 1023
1 1007 1023 1023 1023
1 861 1023 1023 1023
1 721 1023 912 1023
1 582 1023 749 1023
1 1023 1023 1023 1023
1 1023 1023 1023 1023
1 1023 1023 1023 1023
1 1023 1023 1023 1023
1 1023 1023 1023 1023
1 1023 1023 1023 1023
1 1009 1023 1023 1023
1 874 1023 1023 1023
1 741 1023 897 1023
1 600 1023 748 1023
1 1023 1023 1023 1023
1 1023 1023 1023 1023
1 1023 1023 1023 1023
1 1023 1023 1023 1023
1 1023 1023 1023 1023
1 1023 1023 1023 1023
1 1001 1023 1023 1023
1 862 1023 1023 1023
1 737 1023 897 1023
1 602 1023 733 1023
1 1023 1023 1023 1023
1 1023 1023 1023 1023
1 1023 1023 1023 1023
1 1023 1023 1023 1023
1 1023 1023 1023 1023
1 1023 1023 1023 1023
1 1011 1023 1023 1023
1 868 1023 1023 1023
1 742 1023 903 1023
1 602 1023 735 1023
1 1023 1023 1023 1023
1 1023 1023 1023 1023
1 1023 1023 1023 1023
1 1023 1023 1023 1023
1 1023 1023 1023 1023
1 1023 1023 1023 1023
1 1012 1023 1023 1023
1 872 1023 1023 1023
1 730 1023 923 1023
1 599 1023 739 1023
1 1023 1023 1023 1023
1 1023 1023 1023 1023
1 1023 1023 1023 1023
1 1023 1023 1023 1023
1 1023 1023 1023 1023
1 1023 1023 1023 1023
1 1004 1023 1023 1023
1 855 1023 1023 1023
1 734 1023 907 1023
1 593 1023 761 1023
1 1023 992 1023 1023
1 1023 991 1023 1023
1 1023 991 1023 1023
1 1023 994 1023 1023
1 1023 993 1023 1023
1 1023 994 1023 1023
1 1007 987 1023 1023
1 869 989 1023 1023
1 735 991 911 1023
1 603 1000 736 1023
1 1023 851 1023 1023
1 1023 847 1023 1023
1 1023 845 1023 1023
1 1023 850 1023 1023
1 1023 845 1023 1023
1 1023 855 1023 1023
1 1004 853 1023 1023
1 876 853 1023 1023
1 722 844 910 1023
1 602 848 748 1023
1 1023 715 1023 887
1 1023 716 1023 895
1 1023 716 1023 891
1 1023 709 1023 908
1 1023 721 1023 880
1 1023 709 1023 896
1 1010 725 1023 885
1 862 707 1023 894
1 733 716 907 884
1 603 724 731 874
1 1023 574 1023 737
1 1023 577 1023 731
1 1023 588 1023 721
1 1023 578 1023 730
1 1023 591 1023 717
1 1023 582 1023 728
1 1004 581 1023 730
1 875 590 1023 719
1 736 580 899 719
1 594 574 752 729
