


































0 779 309 840 355
0 770 242 839 302
0 611 604 671 674
0 710 574 775 641
0 585 425 608 446
0 730 466 802 523
0 614 333 637 343
0 756 585 832 646
0 709 236 788 287
0 586 279 654 324
1 1023 1023 1023 1023
1 1023 1023 1023 1023
1 1023 1023 1023 1023
1 1014 1023 1023 1023
1 930 1023 1023 1023
1 847 1023 1002 1023
1 771 1023 908 1023
1 690 1023 808 1023
1 610 1023 713 1023
1 526 1023 623 1023
1 1023 991 1023 1023
1 1023 990 1023 1023
1 1023 988 1023 1023
1 1010 987 1023 1023
1 931 986 1023 1023
1 856 991 1010 1023
1 771 986 915 1023
1 685 985 816 1023
1 609 986 714 1023
1 533 992 606 1023
1 1023 905 1023 1023
1 1023 909 1023 1023
1 1023 906 1023 1023
1 1016 915 1023 1023
1 933 914 1023 1023
1 847 908 1000 1023
1 775 909 908 1023
1 686 904 806 1023
1 611 909 710 1023
1 530 910 613 1023
1 1023 831 1023 1006
1 1023 830 1023 1004
1 1023 822 1023 1018
1 1017 832 1023 1022
1 933 829 1023 1014
1 851 830 1004 1009
1 770 829 906 1019
1 685 827 806 1010
1 612 830 703 1002
1 526 826 625 1023
1 1023 745 1023 931
1 1023 749 1023 912
1 1023 752 1023 915
1 1012 745 1023 911
1 931 744 1023 915
1 853 744 998 910
1 773 745 896 908
1 692 746 800 908
1 606 742 714 933
1 524 745 613 924
1 1023 662 1023 828
1 1023 663 1023 821
1 1023 667 1023 813
1 1013 667 1023 823
1 934 669 1023 828
1 850 670 1016 829
1 771 666 901 814
1 690 664 819 829
1 611 666 715 826
1 531 670 614 823
1 1023 586 1023 725
1 1023 587 1023 724
1 1023 586 1023 722
1 1018 587 1023 724
1 934 587 1023 720
1 850 585 1005 718
1 769 581 915 727
1 692 588 814 726
1 607 584 714 717
1 521 582 617 726
1 1023 508 1023 617
1 1023 507 1023 623
1 1023 507 1023 623
1 1011 500 1023 637
1 934 506 1023 627
1 847 501 1011 631
1 770 507 915 630
1 692 505 813 628
1 610 509 711 619
1 529 507 617 628
1 1023 422 1023 524
1 1023 421 1023 529
1 1023 428 1023 519
1 1009 425 1023 523
1 932 424 1023 529
1 848 420 1010 530
1 771 420 915 532
1 683 421 808 527
1 609 422 713 530
1 531 426 609 525
1 1023 344 1023 429
1 1023 343 1023 426
1 1023 341 1023 431
1 1012 347 1023 427
1 925 337 1023 433
1 856 346 1002 426
1 773 340 902 429
1 689 344 818 431
1 610 343 715 430
1 528 341 618 430
