


































0 295 598 361 695
0 799 507 869 570
0 641 211 665 227
0 723 576 797 646
0 730 288 796 340
0 455 158 508 210
0 323 491 391 565
0 777 520 848 587
0 677 320 700 334
0 566 482 585 506
1 1023 1023 1023 1023
1 1023 1023 1023 1023
1 1023 1023 1023 1023
1 1011 1023 1023 1023
1 930 1023 1023 1023
1 849 1023 1003 1023
1 767 1023 904 1023
1 690 1023 804 1023
1 607 1023 711 1023
1 533 1023 613 1023
1 1023 987 1023 1023
1 1023 989 1023 1023
1 1023 991 1023 1023
1 1015 991 1023 1023
1 930 987 1023 1023
1 852 991 998 1023
1 764 988 905 1023
1 687 988 812 1023
1 608 988 711 1023
1 529 991 613 1023
1 1023 909 1023 1023
1 1023 907 1023 1023
1 1023 908 1023 1023
1 1010 904 1023 1023
1 932 912 1023 1023
1 851 911 997 1023
1 768 905 910 1023
1 692 909 810 1023
1 607 909 706 1023
1 530 915 614 1023
1 1023 828 1023 1015
1 1023 832 1023 1011
1 1023 829 1023 1022
1 1015 826 1023 1023
1 936 830 1023 1007
1 852 826 1019 1023
1 773 829 913 1023
1 694 832 809 1023
1 603 823 719 1023
1 524 828 613 1003
1 1023 747 1023 911
1 1023 743 1023 924
1 1023 742 1023 922
1 1017 749 1023 928
1 930 742 1023 933
1 854 750 1012 924
1 771 743 906 912
1 693 752 804 912
1 606 747 714 926
1 529 750 615 908
1 1023 666 1023 829
1 1023 664 1023 819
1 1023 667 1023 822
1 1010 664 1023 822
1 935 667 1023 819
1 850 666 1008 818
1 772 669 908 817
1 694 666 808 822
1 607 663 710 824
1 528 667 619 819
1 1023 580 1023 725
1 1023 587 1023 728
1 1023 586 1023 726
1 1008 580 1023 735
1 935 584 1023 717
1 853 590 1005 721
1 771 585 901 716
1 689 587 803 716
1 606 582 715 733
1 528 585 617 716
1 1023 501 1023 628
1 1023 506 1023 619
1 1023 503 1023 629
1 1010 498 1023 637
1 932 509 1023 624
1 852 500 1013 631
1 775 504 906 625
1 691 506 803 618
1 610 506 716 626
1 523 501 615 627
1 1023 419 1023 535
1 1023 426 1023 529
1 1023 428 1023 524
1 1016 427 1023 520
1 933 427 1023 522
1 851 423 1002 525
1 770 423 905 528
1 695 425 809 528
1 608 424 714 527
1 530 423 617 531
1 1023 338 1023 437
1 1023 342 1023 431
1 1023 340 1023 434
1 1017 348 1023 425
1 935 346 1023 428
1 854 343 1005 427
1 770 342 902 426
1 694 346 799 423
1 604 339 713 434
1 533 346 611 426
